# Header
TRIANGLE_MESH

# Dateiinformationen
602 1200 1 p

# Materialien
#  ambient      diffuse        specular    n
# r_a g_a b_a    r_d g_d b_d    r_s g_s b_s   n
0.15 0.15 0.15   0.8 0.0 0.0    0.8 0.8 0.8   10

# Vertexdaten
1.625333 -0.992115 -3.0 0
1.621396 -0.992115 -2.968831 0
1.60983 -0.992115 -2.93962 0
1.591364 -0.992115 -2.9142041 0
1.567157 -0.992115 -2.894178 0
1.53873 -0.992115 -2.880801 0
1.50787 -0.992115 -2.874914 0
1.476515 -0.992115 -2.876887 0
1.446636 -0.992115 -2.886595 0
1.42011 -0.992115 -2.903429 0
1.398603 -0.992115 -2.926331 0
1.383468 -0.992115 -2.953862 0
1.375655 -0.992115 -2.984292 0
1.375655 -0.992115 -3.015708 0
1.383468 -0.992115 -3.046138 0
1.398603 -0.992115 -3.073669 0
1.42011 -0.992115 -3.096571 0
1.446636 -0.992115 -3.113405 0
1.476515 -0.992115 -3.123113 0
1.50787 -0.992115 -3.125086 0
1.53873 -0.992115 -3.119199 0
1.567157 -0.992115 -3.105822 0
1.591364 -0.992115 -3.085797 0
1.60983 -0.992115 -3.06038 0
1.621396 -0.992115 -3.031169 0
1.74869 -0.968583 -3.0 0
1.740877 -0.968583 -2.938153 0
1.717929 -0.968583 -2.880193 0
1.681287 -0.968583 -2.82976 0
1.633255 -0.968583 -2.790024 0
1.576849 -0.968583 -2.763482 0
1.515615 -0.968583 -2.751801 0
1.4534 -0.968583 -2.755715 0
1.394113 -0.968583 -2.774979 0
1.341479 -0.968583 -2.808381 0
1.298806 -0.968583 -2.853824 0
1.268774 -0.968583 -2.908451 0
1.253271 -0.968583 -2.968831 0
1.253271 -0.968583 -3.031169 0
1.268774 -0.968583 -3.091549 0
1.298806 -0.968583 -3.146176 0
1.341479 -0.968583 -3.191619 0
1.394113 -0.968583 -3.225021 0
1.4534 -0.968583 -3.244285 0
1.515615 -0.968583 -3.248199 0
1.576849 -0.968583 -3.236518 0
1.633255 -0.968583 -3.209976 0
1.681287 -0.968583 -3.17024 0
1.717929 -0.968583 -3.119807 0
1.740877 -0.968583 -3.061847 0
1.868125 -0.929776 -3.0 0
1.856559 -0.929776 -2.908451 0
1.82259 -0.929776 -2.822655 0
1.768351 -0.929776 -2.748001 0
1.697251 -0.929776 -2.689182 0
1.613757 -0.929776 -2.649893 0
1.523115 -0.929776 -2.632602 0
1.43102 -0.929776 -2.638396 0
1.34326 -0.929776 -2.6669111 0
1.265349 -0.929776 -2.716355 0
1.202181 -0.929776 -2.783622 0
1.157726 -0.929776 -2.864484 0
1.134778 -0.929776 -2.953862 0
1.134778 -0.929776 -3.046138 0
1.157726 -0.929776 -3.135516 0
1.202181 -0.929776 -3.216378 0
1.265349 -0.929776 -3.283645 0
1.34326 -0.929776 -3.3330889 0
1.43102 -0.929776 -3.361604 0
1.523115 -0.929776 -3.367398 0
1.613757 -0.929776 -3.350107 0
1.697251 -0.929776 -3.310818 0
1.768351 -0.929776 -3.251999 0
1.82259 -0.929776 -3.177345 0
1.856559 -0.929776 -3.091549 0
1.981754 -0.876307 -3.0 0
1.966618 -0.876307 -2.880193 0
1.922164 -0.876307 -2.767913 0
1.8511829 -0.876307 -2.670217 0
1.758137 -0.876307 -2.593242 0
1.64887 -0.876307 -2.541825 0
1.53025 -0.876307 -2.519197 0
1.409728 -0.876307 -2.5267801 0
1.294879 -0.876307 -2.564096 0
1.192919 -0.876307 -2.628802 0
1.110253 -0.876307 -2.716832 0
1.0520769 -0.876307 -2.822655 0
1.022045 -0.876307 -2.93962 0
1.022045 -0.876307 -3.06038 0
1.0520769 -0.876307 -3.177345 0
1.110253 -0.876307 -3.283168 0
1.192919 -0.876307 -3.371198 0
1.294879 -0.876307 -3.435904 0
1.409728 -0.876307 -3.4732199 0
1.53025 -0.876307 -3.480803 0
1.64887 -0.876307 -3.458175 0
1.758136 -0.876307 -3.406758 0
1.8511829 -0.876307 -3.329783 0
1.922164 -0.876307 -3.232087 0
1.966618 -0.876307 -3.119807 0
2.087785 -0.809017 -3.0 0
2.069319 -0.809017 -2.853824 0
2.01508 -0.809017 -2.716832 0
1.928477 -0.809017 -2.597633 0
1.814951 -0.809017 -2.503717 0
1.681636 -0.809017 -2.440983 0
1.536907 -0.809017 -2.413375 0
1.38986 -0.809017 -2.422626 0
1.249733 -0.809017 -2.4681559 0
1.125332 -0.809017 -2.547104 0
1.024472 -0.809017 -2.654508 0
0.953491 -0.809017 -2.783622 0
0.91685 -0.809017 -2.926331 0
0.91685 -0.809017 -3.073669 0
0.953491 -0.809017 -3.216378 0
1.024472 -0.809017 -3.345491 0
1.125332 -0.809017 -3.452896 0
1.249733 -0.809017 -3.5318441 0
1.38986 -0.809017 -3.577374 0
1.536907 -0.809017 -3.586625 0
1.681636 -0.809017 -3.559017 0
1.814951 -0.809017 -3.496284 0
1.928477 -0.809017 -3.402367 0
2.01508 -0.809017 -3.283168 0
2.069319 -0.809017 -3.146176 0
2.184547 -0.728969 -3.0 0
2.163041 -0.728969 -2.82976 0
2.099873 -0.728969 -2.670217 0
1.999013 -0.728969 -2.531395 0
1.866799 -0.728969 -2.422018 0
1.711537 -0.728969 -2.348957 0
1.542983 -0.728969 -2.316804 0
1.371729 -0.728969 -2.327578 0
1.208534 -0.728969 -2.380603 0
1.063653 -0.728969 -2.472547 0
0.94619 -0.728969 -2.597633 0
0.863524 -0.728969 -2.748001 0
0.820851 -0.728969 -2.914203 0
0.820851 -0.728969 -3.0857959 0
0.863524 -0.728969 -3.251999 0
0.94619 -0.728969 -3.402367 0
1.063653 -0.728969 -3.527453 0
1.208534 -0.728969 -3.619397 0
1.371729 -0.728969 -3.672422 0
1.542983 -0.728969 -3.683196 0
1.711537 -0.728969 -3.651043 0
1.866799 -0.728969 -3.577982 0
1.999013 -0.728969 -3.468605 0
2.099873 -0.728969 -3.329783 0
2.163041 -0.728969 -3.17024 0
2.270513 -0.637424 -3.0 0
2.246306 -0.637424 -2.808381 0
2.175206 -0.637424 -2.628802 0
2.06168 -0.637424 -2.472547 0
1.9128621 -0.637424 -2.349434 0
1.738102 -0.637424 -2.267198 0
1.548381 -0.637424 -2.231007 0
1.35562 -0.637424 -2.243135 0
1.171931 -0.637424 -2.302819 0
1.008856 -0.637424 -2.4063091 0
0.876642 -0.637424 -2.547104 0
0.783595 -0.637424 -2.716355 0
0.735562 -0.637424 -2.903429 0
0.735562 -0.637424 -3.096571 0
0.783595 -0.637424 -3.283645 0
0.876642 -0.637424 -3.452896 0
1.008856 -0.637424 -3.5936909 0
1.171931 -0.637424 -3.697181 0
1.35562 -0.637424 -3.756865 0
1.548381 -0.637424 -3.768993 0
1.738102 -0.637424 -3.732802 0
1.9128621 -0.637424 -3.650566 0
2.06168 -0.637424 -3.527453 0
2.175206 -0.637424 -3.371198 0
2.246306 -0.637424 -3.191619 0
2.344328 -0.535827 -3.0 0
2.317802 -0.535827 -2.790024 0
2.23989 -0.535827 -2.593242 0
2.115489 -0.535827 -2.422018 0
1.952414 -0.535827 -2.2871099 0
1.760912 -0.535827 -2.196996 0
1.553016 -0.535827 -2.1573381 0
1.341789 -0.535827 -2.170627 0
1.140503 -0.535827 -2.2360291 0
0.961805 -0.535827 -2.349434 0
0.816924 -0.535827 -2.503716 0
0.714964 -0.535827 -2.689182 0
0.66233 -0.535827 -2.894178 0
0.66233 -0.535827 -3.105822 0
0.714964 -0.535827 -3.310818 0
0.816924 -0.535827 -3.496283 0
0.961805 -0.535827 -3.650566 0
1.140503 -0.535827 -3.7639709 0
1.341789 -0.535827 -3.829373 0
1.553016 -0.535827 -3.8426619 0
1.760912 -0.535827 -3.803004 0
1.952413 -0.535827 -3.7128901 0
2.115489 -0.535827 -3.577982 0
2.23989 -0.535827 -3.406758 0
2.317802 -0.535827 -3.209976 0
2.4048269 -0.425779 -3.0 0
2.3764 -0.425779 -2.774979 0
2.292906 -0.425779 -2.564096 0
2.159591 -0.425779 -2.380603 0
1.984831 -0.425779 -2.2360291 0
1.779607 -0.425779 -2.139458 0
1.556815 -0.425779 -2.096958 0
1.330452 -0.425779 -2.1111999 0
1.114743 -0.425779 -2.181288 0
0.923242 -0.425779 -2.302819 0
0.76798 -0.425779 -2.4681559 0
0.658713 -0.425779 -2.6669111 0
0.602308 -0.425779 -2.886595 0
0.602308 -0.425779 -3.113405 0
0.658713 -0.425779 -3.3330889 0
0.76798 -0.425779 -3.5318441 0
0.923241 -0.425779 -3.697181 0
1.114743 -0.425779 -3.818712 0
1.330452 -0.425779 -3.8888001 0
1.556814 -0.425779 -3.903042 0
1.779607 -0.425779 -3.860542 0
1.984831 -0.425779 -3.7639709 0
2.15959 -0.425779 -3.619397 0
2.292906 -0.425779 -3.435904 0
2.3764 -0.425779 -3.225021 0
2.451057 -0.309017 -3.0 0
2.421177 -0.309017 -2.763482 0
2.333417 -0.309017 -2.541825 0
2.19329 -0.309017 -2.348957 0
2.009602 -0.309017 -2.196996 0
1.793893 -0.309017 -2.095492 0
1.5597169 -0.309017 -2.0508199 0
1.32179 -0.309017 -2.065789 0
1.09506 -0.309017 -2.139458 0
0.893774 -0.309017 -2.267198 0
0.730579 -0.309017 -2.440983 0
0.61573 -0.309017 -2.649893 0
0.556443 -0.309017 -2.880801 0
0.556443 -0.309017 -3.119199 0
0.61573 -0.309017 -3.350107 0
0.730579 -0.309017 -3.559017 0
0.893774 -0.309017 -3.732802 0
1.09506 -0.309017 -3.860542 0
1.32179 -0.309017 -3.934211 0
1.5597169 -0.309017 -3.9491801 0
1.793893 -0.309017 -3.904509 0
2.009601 -0.309017 -3.803004 0
2.19329 -0.309017 -3.651043 0
2.333417 -0.309017 -3.458175 0
2.421177 -0.309017 -3.236518 0
2.482287 -0.187381 -3.0 0
2.451427 -0.187381 -2.755715 0
2.360785 -0.187381 -2.5267801 0
2.216057 -0.187381 -2.327578 0
2.026336 -0.187381 -2.170627 0
1.803543 -0.187381 -2.065789 0
1.561678 -0.187381 -2.019651 0
1.315938 -0.187381 -2.035112 0
1.081762 -0.187381 -2.1111999 0
0.873867 -0.187381 -2.243135 0
0.705313 -0.187381 -2.422626 0
0.586692 -0.187381 -2.638396 0
0.525458 -0.187381 -2.876887 0
0.525458 -0.187381 -3.123113 0
0.586692 -0.187381 -3.361604 0
0.705313 -0.187381 -3.577374 0
0.873866 -0.187381 -3.756865 0
1.081762 -0.187381 -3.8888001 0
1.315938 -0.187381 -3.964888 0
1.561678 -0.187381 -3.980349 0
1.803543 -0.187381 -3.934211 0
2.026336 -0.187381 -3.829373 0
2.216057 -0.187381 -3.672422 0
2.360785 -0.187381 -3.473221 0
2.451427 -0.187381 -3.244285 0
2.498027 -0.062791 -3.0 0
2.466672 -0.062791 -2.751801 0
2.374577 -0.062791 -2.519197 0
2.22753 -0.062791 -2.316804 0
2.034769 -0.062791 -2.1573381 0
1.808407 -0.062791 -2.0508199 0
1.562667 -0.062791 -2.003943 0
1.312988 -0.062791 -2.019651 0
1.075061 -0.062791 -2.096958 0
0.863834 -0.062791 -2.231007 0
0.692579 -0.062791 -2.413375 0
0.572058 -0.062791 -2.632602 0
0.509843 -0.062791 -2.874914 0
0.509843 -0.062791 -3.125086 0
0.572058 -0.062791 -3.367398 0
0.692579 -0.062791 -3.586625 0
0.863834 -0.062791 -3.768993 0
1.075061 -0.062791 -3.903042 0
1.312988 -0.062791 -3.980349 0
1.562667 -0.062791 -3.996057 0
1.808407 -0.062791 -3.9491801 0
2.034769 -0.062791 -3.8426619 0
2.22753 -0.062791 -3.683196 0
2.374577 -0.062791 -3.480803 0
2.466672 -0.062791 -3.248199 0
2.498027 0.06279 -3.0 0
2.466672 0.06279 -2.751801 0
2.374577 0.06279 -2.519197 0
2.22753 0.06279 -2.316804 0
2.034769 0.06279 -2.1573381 0
1.808407 0.06279 -2.0508199 0
1.562667 0.06279 -2.003943 0
1.312988 0.06279 -2.019651 0
1.075061 0.06279 -2.096958 0
0.863834 0.06279 -2.231007 0
0.692579 0.06279 -2.413375 0
0.572058 0.06279 -2.632602 0
0.509843 0.06279 -2.874914 0
0.509843 0.06279 -3.125086 0
0.572058 0.06279 -3.367398 0
0.692579 0.06279 -3.586625 0
0.863834 0.06279 -3.768993 0
1.075061 0.06279 -3.903042 0
1.312988 0.06279 -3.980349 0
1.562667 0.06279 -3.996057 0
1.808407 0.06279 -3.9491801 0
2.034769 0.06279 -3.8426619 0
2.22753 0.06279 -3.683196 0
2.374577 0.06279 -3.480803 0
2.466672 0.06279 -3.248199 0
2.482287 0.187381 -3.0 0
2.451427 0.187381 -2.755715 0
2.360785 0.187381 -2.5267801 0
2.216057 0.187381 -2.327578 0
2.026336 0.187381 -2.170627 0
1.803543 0.187381 -2.065789 0
1.561678 0.187381 -2.019651 0
1.315938 0.187381 -2.035112 0
1.081762 0.187381 -2.1111999 0
0.873867 0.187381 -2.243135 0
0.705313 0.187381 -2.422626 0
0.586692 0.187381 -2.638396 0
0.525458 0.187381 -2.876887 0
0.525458 0.187381 -3.123113 0
0.586692 0.187381 -3.361604 0
0.705313 0.187381 -3.577374 0
0.873866 0.187381 -3.756865 0
1.081762 0.187381 -3.8888001 0
1.315938 0.187381 -3.964888 0
1.561678 0.187381 -3.980349 0
1.803543 0.187381 -3.934211 0
2.026336 0.187381 -3.829373 0
2.216057 0.187381 -3.672422 0
2.360785 0.187381 -3.473221 0
2.451427 0.187381 -3.244285 0
2.451057 0.309017 -3.0 0
2.421177 0.309017 -2.763482 0
2.333417 0.309017 -2.541825 0
2.19329 0.309017 -2.348957 0
2.009602 0.309017 -2.196996 0
1.793893 0.309017 -2.095491 0
1.5597169 0.309017 -2.0508199 0
1.32179 0.309017 -2.065789 0
1.09506 0.309017 -2.139458 0
0.893774 0.309017 -2.267198 0
0.730579 0.309017 -2.440983 0
0.61573 0.309017 -2.649893 0
0.556443 0.309017 -2.880801 0
0.556443 0.309017 -3.119199 0
0.61573 0.309017 -3.350107 0
0.730579 0.309017 -3.559017 0
0.893774 0.309017 -3.732802 0
1.09506 0.309017 -3.860542 0
1.32179 0.309017 -3.934211 0
1.5597169 0.309017 -3.9491801 0
1.793893 0.309017 -3.904509 0
2.009601 0.309017 -3.803004 0
2.19329 0.309017 -3.651043 0
2.333417 0.309017 -3.458175 0
2.421177 0.309017 -3.236518 0
2.4048269 0.425779 -3.0 0
2.3764 0.425779 -2.774979 0
2.292906 0.425779 -2.564096 0
2.159591 0.425779 -2.380603 0
1.984831 0.425779 -2.2360291 0
1.779607 0.425779 -2.139458 0
1.556815 0.425779 -2.096958 0
1.330452 0.425779 -2.1111999 0
1.114743 0.425779 -2.181288 0
0.923242 0.425779 -2.302819 0
0.76798 0.425779 -2.4681559 0
0.658713 0.425779 -2.6669111 0
0.602308 0.425779 -2.886595 0
0.602308 0.425779 -3.113405 0
0.658713 0.425779 -3.3330889 0
0.767979 0.425779 -3.5318441 0
0.923241 0.425779 -3.697181 0
1.114743 0.425779 -3.818712 0
1.330452 0.425779 -3.8888001 0
1.556814 0.425779 -3.903042 0
1.779607 0.425779 -3.860542 0
1.984831 0.425779 -3.7639709 0
2.15959 0.425779 -3.619397 0
2.292906 0.425779 -3.435904 0
2.3764 0.425779 -3.225021 0
2.344328 0.535827 -3.0 0
2.317802 0.535827 -2.790024 0
2.23989 0.535827 -2.593242 0
2.115489 0.535827 -2.422018 0
1.952414 0.535827 -2.2871099 0
1.760912 0.535827 -2.196996 0
1.553016 0.535827 -2.1573381 0
1.341789 0.535827 -2.170627 0
1.140503 0.535827 -2.2360291 0
0.961805 0.535827 -2.349434 0
0.816924 0.535827 -2.503716 0
0.714964 0.535827 -2.689182 0
0.66233 0.535827 -2.894178 0
0.66233 0.535827 -3.105822 0
0.714964 0.535827 -3.310818 0
0.816924 0.535827 -3.496283 0
0.961805 0.535827 -3.650566 0
1.140503 0.535827 -3.7639709 0
1.341789 0.535827 -3.829373 0
1.553016 0.535827 -3.8426619 0
1.760912 0.535827 -3.803004 0
1.952413 0.535827 -3.7128901 0
2.115489 0.535827 -3.577982 0
2.23989 0.535827 -3.406758 0
2.317802 0.535827 -3.209976 0
2.270513 0.637424 -3.0 0
2.246306 0.637424 -2.808381 0
2.175206 0.637424 -2.628802 0
2.06168 0.637424 -2.472547 0
1.9128621 0.637424 -2.349434 0
1.738102 0.637424 -2.267198 0
1.548381 0.637424 -2.231007 0
1.35562 0.637424 -2.243135 0
1.171931 0.637424 -2.302819 0
1.008856 0.637424 -2.4063091 0
0.876642 0.637424 -2.547104 0
0.783595 0.637424 -2.716355 0
0.735562 0.637424 -2.903429 0
0.735562 0.637424 -3.096571 0
0.783595 0.637424 -3.283645 0
0.876642 0.637424 -3.452896 0
1.008856 0.637424 -3.5936909 0
1.171931 0.637424 -3.697181 0
1.35562 0.637424 -3.756865 0
1.548381 0.637424 -3.768993 0
1.738102 0.637424 -3.732802 0
1.9128621 0.637424 -3.650566 0
2.06168 0.637424 -3.527453 0
2.175206 0.637424 -3.371198 0
2.246306 0.637424 -3.191619 0
2.184547 0.728969 -3.0 0
2.163041 0.728969 -2.82976 0
2.099873 0.728969 -2.670217 0
1.999013 0.728969 -2.531395 0
1.866799 0.728969 -2.422018 0
1.711537 0.728969 -2.348957 0
1.542983 0.728969 -2.316804 0
1.371729 0.728969 -2.327578 0
1.208534 0.728969 -2.380603 0
1.063653 0.728969 -2.472547 0
0.94619 0.728969 -2.597633 0
0.863524 0.728969 -2.748001 0
0.820851 0.728969 -2.914203 0
0.820851 0.728969 -3.0857959 0
0.863524 0.728969 -3.251999 0
0.94619 0.728969 -3.402367 0
1.063653 0.728969 -3.527453 0
1.208534 0.728969 -3.619397 0
1.371729 0.728969 -3.672422 0
1.542983 0.728969 -3.683196 0
1.711537 0.728969 -3.651043 0
1.866799 0.728969 -3.577982 0
1.999013 0.728969 -3.468605 0
2.099873 0.728969 -3.329783 0
2.163041 0.728969 -3.17024 0
2.087785 0.809017 -3.0 0
2.069319 0.809017 -2.853824 0
2.01508 0.809017 -2.716832 0
1.928477 0.809017 -2.597633 0
1.814951 0.809017 -2.503716 0
1.681636 0.809017 -2.440983 0
1.536907 0.809017 -2.413375 0
1.38986 0.809017 -2.422626 0
1.249733 0.809017 -2.4681559 0
1.125332 0.809017 -2.547104 0
1.024472 0.809017 -2.654508 0
0.953491 0.809017 -2.783622 0
0.91685 0.809017 -2.926331 0
0.91685 0.809017 -3.073669 0
0.953491 0.809017 -3.216378 0
1.024472 0.809017 -3.345491 0
1.125332 0.809017 -3.452896 0
1.249733 0.809017 -3.5318441 0
1.38986 0.809017 -3.577374 0
1.536907 0.809017 -3.586625 0
1.681636 0.809017 -3.559017 0
1.814951 0.809017 -3.496284 0
1.928477 0.809017 -3.402367 0
2.01508 0.809017 -3.283168 0
2.069319 0.809017 -3.146176 0
1.981754 0.876307 -3.0 0
1.966619 0.876307 -2.880193 0
1.922164 0.876307 -2.767913 0
1.8511829 0.876307 -2.670217 0
1.758137 0.876307 -2.593242 0
1.64887 0.876307 -2.541825 0
1.53025 0.876307 -2.519197 0
1.409728 0.876307 -2.526779 0
1.294879 0.876307 -2.564096 0
1.192919 0.876307 -2.628802 0
1.110253 0.876307 -2.716832 0
1.0520769 0.876307 -2.822655 0
1.022045 0.876307 -2.93962 0
1.022045 0.876307 -3.06038 0
1.0520769 0.876307 -3.177345 0
1.110253 0.876307 -3.283168 0
1.192919 0.876307 -3.371198 0
1.294879 0.876307 -3.435904 0
1.409728 0.876307 -3.473221 0
1.53025 0.876307 -3.480803 0
1.64887 0.876307 -3.458175 0
1.758137 0.876307 -3.406758 0
1.8511829 0.876307 -3.329783 0
1.922164 0.876307 -3.232087 0
1.966619 0.876307 -3.119807 0
1.868125 0.929776 -3.0 0
1.856559 0.929776 -2.908451 0
1.82259 0.929776 -2.822655 0
1.768351 0.929776 -2.748001 0
1.697251 0.929776 -2.689182 0
1.613757 0.929776 -2.649893 0
1.523115 0.929776 -2.632602 0
1.43102 0.929776 -2.638396 0
1.34326 0.929776 -2.6669111 0
1.265349 0.929776 -2.716355 0
1.202181 0.929776 -2.783622 0
1.157726 0.929776 -2.864484 0
1.134778 0.929776 -2.953862 0
1.134778 0.929776 -3.046138 0
1.157726 0.929776 -3.135516 0
1.202181 0.929776 -3.216378 0
1.265349 0.929776 -3.283645 0
1.34326 0.929776 -3.3330889 0
1.43102 0.929776 -3.361604 0
1.523115 0.929776 -3.367398 0
1.613757 0.929776 -3.350107 0
1.697251 0.929776 -3.310818 0
1.768351 0.929776 -3.251999 0
1.82259 0.929776 -3.177345 0
1.856559 0.929776 -3.091549 0
1.74869 0.968583 -3.0 0
1.740877 0.968583 -2.938153 0
1.717929 0.968583 -2.880193 0
1.681287 0.968583 -2.82976 0
1.633255 0.968583 -2.790024 0
1.576849 0.968583 -2.763482 0
1.515615 0.968583 -2.751801 0
1.4534 0.968583 -2.755715 0
1.394113 0.968583 -2.774979 0
1.341479 0.968583 -2.808381 0
1.298806 0.968583 -2.853824 0
1.268774 0.968583 -2.908451 0
1.253271 0.968583 -2.968831 0
1.253271 0.968583 -3.031169 0
1.268774 0.968583 -3.091549 0
1.298806 0.968583 -3.146176 0
1.341479 0.968583 -3.191619 0
1.394113 0.968583 -3.225021 0
1.4534 0.968583 -3.244285 0
1.515615 0.968583 -3.248199 0
1.576849 0.968583 -3.236518 0
1.633255 0.968583 -3.209976 0
1.681287 0.968583 -3.17024 0
1.717929 0.968583 -3.119807 0
1.740877 0.968583 -3.061847 0
1.625333 0.992115 -3.0 0
1.621396 0.992115 -2.968831 0
1.60983 0.992115 -2.93962 0
1.591364 0.992115 -2.914203 0
1.567157 0.992115 -2.894178 0
1.53873 0.992115 -2.880801 0
1.50787 0.992115 -2.874914 0
1.476515 0.992115 -2.876887 0
1.446636 0.992115 -2.886595 0
1.42011 0.992115 -2.903429 0
1.398603 0.992115 -2.926331 0
1.383468 0.992115 -2.953862 0
1.375655 0.992115 -2.984292 0
1.375655 0.992115 -3.015708 0
1.383468 0.992115 -3.046138 0
1.398603 0.992115 -3.073669 0
1.42011 0.992115 -3.096571 0
1.446636 0.992115 -3.113405 0
1.476515 0.992115 -3.123113 0
1.50787 0.992115 -3.125086 0
1.53873 0.992115 -3.119199 0
1.567157 0.992115 -3.105822 0
1.591364 0.992115 -3.085797 0
1.60983 0.992115 -3.06038 0
1.621396 0.992115 -3.031169 0
1.5 -1.0 -3.0 0
1.5 1.0 -3.0 0
# Dreiecke
1 0 26 
26 0 25 
2 1 27 
27 1 26 
3 2 28 
28 2 27 
4 3 29 
29 3 28 
5 4 30 
30 4 29 
6 5 31 
31 5 30 
7 6 32 
32 6 31 
8 7 33 
33 7 32 
9 8 34 
34 8 33 
10 9 35 
35 9 34 
11 10 36 
36 10 35 
12 11 37 
37 11 36 
13 12 38 
38 12 37 
14 13 39 
39 13 38 
15 14 40 
40 14 39 
16 15 41 
41 15 40 
17 16 42 
42 16 41 
18 17 43 
43 17 42 
19 18 44 
44 18 43 
20 19 45 
45 19 44 
21 20 46 
46 20 45 
22 21 47 
47 21 46 
23 22 48 
48 22 47 
24 23 49 
49 23 48 
0 24 25 
25 24 49 
26 25 51 
51 25 50 
27 26 52 
52 26 51 
28 27 53 
53 27 52 
29 28 54 
54 28 53 
30 29 55 
55 29 54 
31 30 56 
56 30 55 
32 31 57 
57 31 56 
33 32 58 
58 32 57 
34 33 59 
59 33 58 
35 34 60 
60 34 59 
36 35 61 
61 35 60 
37 36 62 
62 36 61 
38 37 63 
63 37 62 
39 38 64 
64 38 63 
40 39 65 
65 39 64 
41 40 66 
66 40 65 
42 41 67 
67 41 66 
43 42 68 
68 42 67 
44 43 69 
69 43 68 
45 44 70 
70 44 69 
46 45 71 
71 45 70 
47 46 72 
72 46 71 
48 47 73 
73 47 72 
49 48 74 
74 48 73 
25 49 50 
50 49 74 
51 50 76 
76 50 75 
52 51 77 
77 51 76 
53 52 78 
78 52 77 
54 53 79 
79 53 78 
55 54 80 
80 54 79 
56 55 81 
81 55 80 
57 56 82 
82 56 81 
58 57 83 
83 57 82 
59 58 84 
84 58 83 
60 59 85 
85 59 84 
61 60 86 
86 60 85 
62 61 87 
87 61 86 
63 62 88 
88 62 87 
64 63 89 
89 63 88 
65 64 90 
90 64 89 
66 65 91 
91 65 90 
67 66 92 
92 66 91 
68 67 93 
93 67 92 
69 68 94 
94 68 93 
70 69 95 
95 69 94 
71 70 96 
96 70 95 
72 71 97 
97 71 96 
73 72 98 
98 72 97 
74 73 99 
99 73 98 
50 74 75 
75 74 99 
76 75 101 
101 75 100 
77 76 102 
102 76 101 
78 77 103 
103 77 102 
79 78 104 
104 78 103 
80 79 105 
105 79 104 
81 80 106 
106 80 105 
82 81 107 
107 81 106 
83 82 108 
108 82 107 
84 83 109 
109 83 108 
85 84 110 
110 84 109 
86 85 111 
111 85 110 
87 86 112 
112 86 111 
88 87 113 
113 87 112 
89 88 114 
114 88 113 
90 89 115 
115 89 114 
91 90 116 
116 90 115 
92 91 117 
117 91 116 
93 92 118 
118 92 117 
94 93 119 
119 93 118 
95 94 120 
120 94 119 
96 95 121 
121 95 120 
97 96 122 
122 96 121 
98 97 123 
123 97 122 
99 98 124 
124 98 123 
75 99 100 
100 99 124 
101 100 126 
126 100 125 
102 101 127 
127 101 126 
103 102 128 
128 102 127 
104 103 129 
129 103 128 
105 104 130 
130 104 129 
106 105 131 
131 105 130 
107 106 132 
132 106 131 
108 107 133 
133 107 132 
109 108 134 
134 108 133 
110 109 135 
135 109 134 
111 110 136 
136 110 135 
112 111 137 
137 111 136 
113 112 138 
138 112 137 
114 113 139 
139 113 138 
115 114 140 
140 114 139 
116 115 141 
141 115 140 
117 116 142 
142 116 141 
118 117 143 
143 117 142 
119 118 144 
144 118 143 
120 119 145 
145 119 144 
121 120 146 
146 120 145 
122 121 147 
147 121 146 
123 122 148 
148 122 147 
124 123 149 
149 123 148 
100 124 125 
125 124 149 
126 125 151 
151 125 150 
127 126 152 
152 126 151 
128 127 153 
153 127 152 
129 128 154 
154 128 153 
130 129 155 
155 129 154 
131 130 156 
156 130 155 
132 131 157 
157 131 156 
133 132 158 
158 132 157 
134 133 159 
159 133 158 
135 134 160 
160 134 159 
136 135 161 
161 135 160 
137 136 162 
162 136 161 
138 137 163 
163 137 162 
139 138 164 
164 138 163 
140 139 165 
165 139 164 
141 140 166 
166 140 165 
142 141 167 
167 141 166 
143 142 168 
168 142 167 
144 143 169 
169 143 168 
145 144 170 
170 144 169 
146 145 171 
171 145 170 
147 146 172 
172 146 171 
148 147 173 
173 147 172 
149 148 174 
174 148 173 
125 149 150 
150 149 174 
151 150 176 
176 150 175 
152 151 177 
177 151 176 
153 152 178 
178 152 177 
154 153 179 
179 153 178 
155 154 180 
180 154 179 
156 155 181 
181 155 180 
157 156 182 
182 156 181 
158 157 183 
183 157 182 
159 158 184 
184 158 183 
160 159 185 
185 159 184 
161 160 186 
186 160 185 
162 161 187 
187 161 186 
163 162 188 
188 162 187 
164 163 189 
189 163 188 
165 164 190 
190 164 189 
166 165 191 
191 165 190 
167 166 192 
192 166 191 
168 167 193 
193 167 192 
169 168 194 
194 168 193 
170 169 195 
195 169 194 
171 170 196 
196 170 195 
172 171 197 
197 171 196 
173 172 198 
198 172 197 
174 173 199 
199 173 198 
150 174 175 
175 174 199 
176 175 201 
201 175 200 
177 176 202 
202 176 201 
178 177 203 
203 177 202 
179 178 204 
204 178 203 
180 179 205 
205 179 204 
181 180 206 
206 180 205 
182 181 207 
207 181 206 
183 182 208 
208 182 207 
184 183 209 
209 183 208 
185 184 210 
210 184 209 
186 185 211 
211 185 210 
187 186 212 
212 186 211 
188 187 213 
213 187 212 
189 188 214 
214 188 213 
190 189 215 
215 189 214 
191 190 216 
216 190 215 
192 191 217 
217 191 216 
193 192 218 
218 192 217 
194 193 219 
219 193 218 
195 194 220 
220 194 219 
196 195 221 
221 195 220 
197 196 222 
222 196 221 
198 197 223 
223 197 222 
199 198 224 
224 198 223 
175 199 200 
200 199 224 
201 200 226 
226 200 225 
202 201 227 
227 201 226 
203 202 228 
228 202 227 
204 203 229 
229 203 228 
205 204 230 
230 204 229 
206 205 231 
231 205 230 
207 206 232 
232 206 231 
208 207 233 
233 207 232 
209 208 234 
234 208 233 
210 209 235 
235 209 234 
211 210 236 
236 210 235 
212 211 237 
237 211 236 
213 212 238 
238 212 237 
214 213 239 
239 213 238 
215 214 240 
240 214 239 
216 215 241 
241 215 240 
217 216 242 
242 216 241 
218 217 243 
243 217 242 
219 218 244 
244 218 243 
220 219 245 
245 219 244 
221 220 246 
246 220 245 
222 221 247 
247 221 246 
223 222 248 
248 222 247 
224 223 249 
249 223 248 
200 224 225 
225 224 249 
226 225 251 
251 225 250 
227 226 252 
252 226 251 
228 227 253 
253 227 252 
229 228 254 
254 228 253 
230 229 255 
255 229 254 
231 230 256 
256 230 255 
232 231 257 
257 231 256 
233 232 258 
258 232 257 
234 233 259 
259 233 258 
235 234 260 
260 234 259 
236 235 261 
261 235 260 
237 236 262 
262 236 261 
238 237 263 
263 237 262 
239 238 264 
264 238 263 
240 239 265 
265 239 264 
241 240 266 
266 240 265 
242 241 267 
267 241 266 
243 242 268 
268 242 267 
244 243 269 
269 243 268 
245 244 270 
270 244 269 
246 245 271 
271 245 270 
247 246 272 
272 246 271 
248 247 273 
273 247 272 
249 248 274 
274 248 273 
225 249 250 
250 249 274 
251 250 276 
276 250 275 
252 251 277 
277 251 276 
253 252 278 
278 252 277 
254 253 279 
279 253 278 
255 254 280 
280 254 279 
256 255 281 
281 255 280 
257 256 282 
282 256 281 
258 257 283 
283 257 282 
259 258 284 
284 258 283 
260 259 285 
285 259 284 
261 260 286 
286 260 285 
262 261 287 
287 261 286 
263 262 288 
288 262 287 
264 263 289 
289 263 288 
265 264 290 
290 264 289 
266 265 291 
291 265 290 
267 266 292 
292 266 291 
268 267 293 
293 267 292 
269 268 294 
294 268 293 
270 269 295 
295 269 294 
271 270 296 
296 270 295 
272 271 297 
297 271 296 
273 272 298 
298 272 297 
274 273 299 
299 273 298 
250 274 275 
275 274 299 
276 275 301 
301 275 300 
277 276 302 
302 276 301 
278 277 303 
303 277 302 
279 278 304 
304 278 303 
280 279 305 
305 279 304 
281 280 306 
306 280 305 
282 281 307 
307 281 306 
283 282 308 
308 282 307 
284 283 309 
309 283 308 
285 284 310 
310 284 309 
286 285 311 
311 285 310 
287 286 312 
312 286 311 
288 287 313 
313 287 312 
289 288 314 
314 288 313 
290 289 315 
315 289 314 
291 290 316 
316 290 315 
292 291 317 
317 291 316 
293 292 318 
318 292 317 
294 293 319 
319 293 318 
295 294 320 
320 294 319 
296 295 321 
321 295 320 
297 296 322 
322 296 321 
298 297 323 
323 297 322 
299 298 324 
324 298 323 
275 299 300 
300 299 324 
301 300 326 
326 300 325 
302 301 327 
327 301 326 
303 302 328 
328 302 327 
304 303 329 
329 303 328 
305 304 330 
330 304 329 
306 305 331 
331 305 330 
307 306 332 
332 306 331 
308 307 333 
333 307 332 
309 308 334 
334 308 333 
310 309 335 
335 309 334 
311 310 336 
336 310 335 
312 311 337 
337 311 336 
313 312 338 
338 312 337 
314 313 339 
339 313 338 
315 314 340 
340 314 339 
316 315 341 
341 315 340 
317 316 342 
342 316 341 
318 317 343 
343 317 342 
319 318 344 
344 318 343 
320 319 345 
345 319 344 
321 320 346 
346 320 345 
322 321 347 
347 321 346 
323 322 348 
348 322 347 
324 323 349 
349 323 348 
300 324 325 
325 324 349 
326 325 351 
351 325 350 
327 326 352 
352 326 351 
328 327 353 
353 327 352 
329 328 354 
354 328 353 
330 329 355 
355 329 354 
331 330 356 
356 330 355 
332 331 357 
357 331 356 
333 332 358 
358 332 357 
334 333 359 
359 333 358 
335 334 360 
360 334 359 
336 335 361 
361 335 360 
337 336 362 
362 336 361 
338 337 363 
363 337 362 
339 338 364 
364 338 363 
340 339 365 
365 339 364 
341 340 366 
366 340 365 
342 341 367 
367 341 366 
343 342 368 
368 342 367 
344 343 369 
369 343 368 
345 344 370 
370 344 369 
346 345 371 
371 345 370 
347 346 372 
372 346 371 
348 347 373 
373 347 372 
349 348 374 
374 348 373 
325 349 350 
350 349 374 
351 350 376 
376 350 375 
352 351 377 
377 351 376 
353 352 378 
378 352 377 
354 353 379 
379 353 378 
355 354 380 
380 354 379 
356 355 381 
381 355 380 
357 356 382 
382 356 381 
358 357 383 
383 357 382 
359 358 384 
384 358 383 
360 359 385 
385 359 384 
361 360 386 
386 360 385 
362 361 387 
387 361 386 
363 362 388 
388 362 387 
364 363 389 
389 363 388 
365 364 390 
390 364 389 
366 365 391 
391 365 390 
367 366 392 
392 366 391 
368 367 393 
393 367 392 
369 368 394 
394 368 393 
370 369 395 
395 369 394 
371 370 396 
396 370 395 
372 371 397 
397 371 396 
373 372 398 
398 372 397 
374 373 399 
399 373 398 
350 374 375 
375 374 399 
376 375 401 
401 375 400 
377 376 402 
402 376 401 
378 377 403 
403 377 402 
379 378 404 
404 378 403 
380 379 405 
405 379 404 
381 380 406 
406 380 405 
382 381 407 
407 381 406 
383 382 408 
408 382 407 
384 383 409 
409 383 408 
385 384 410 
410 384 409 
386 385 411 
411 385 410 
387 386 412 
412 386 411 
388 387 413 
413 387 412 
389 388 414 
414 388 413 
390 389 415 
415 389 414 
391 390 416 
416 390 415 
392 391 417 
417 391 416 
393 392 418 
418 392 417 
394 393 419 
419 393 418 
395 394 420 
420 394 419 
396 395 421 
421 395 420 
397 396 422 
422 396 421 
398 397 423 
423 397 422 
399 398 424 
424 398 423 
375 399 400 
400 399 424 
401 400 426 
426 400 425 
402 401 427 
427 401 426 
403 402 428 
428 402 427 
404 403 429 
429 403 428 
405 404 430 
430 404 429 
406 405 431 
431 405 430 
407 406 432 
432 406 431 
408 407 433 
433 407 432 
409 408 434 
434 408 433 
410 409 435 
435 409 434 
411 410 436 
436 410 435 
412 411 437 
437 411 436 
413 412 438 
438 412 437 
414 413 439 
439 413 438 
415 414 440 
440 414 439 
416 415 441 
441 415 440 
417 416 442 
442 416 441 
418 417 443 
443 417 442 
419 418 444 
444 418 443 
420 419 445 
445 419 444 
421 420 446 
446 420 445 
422 421 447 
447 421 446 
423 422 448 
448 422 447 
424 423 449 
449 423 448 
400 424 425 
425 424 449 
426 425 451 
451 425 450 
427 426 452 
452 426 451 
428 427 453 
453 427 452 
429 428 454 
454 428 453 
430 429 455 
455 429 454 
431 430 456 
456 430 455 
432 431 457 
457 431 456 
433 432 458 
458 432 457 
434 433 459 
459 433 458 
435 434 460 
460 434 459 
436 435 461 
461 435 460 
437 436 462 
462 436 461 
438 437 463 
463 437 462 
439 438 464 
464 438 463 
440 439 465 
465 439 464 
441 440 466 
466 440 465 
442 441 467 
467 441 466 
443 442 468 
468 442 467 
444 443 469 
469 443 468 
445 444 470 
470 444 469 
446 445 471 
471 445 470 
447 446 472 
472 446 471 
448 447 473 
473 447 472 
449 448 474 
474 448 473 
425 449 450 
450 449 474 
451 450 476 
476 450 475 
452 451 477 
477 451 476 
453 452 478 
478 452 477 
454 453 479 
479 453 478 
455 454 480 
480 454 479 
456 455 481 
481 455 480 
457 456 482 
482 456 481 
458 457 483 
483 457 482 
459 458 484 
484 458 483 
460 459 485 
485 459 484 
461 460 486 
486 460 485 
462 461 487 
487 461 486 
463 462 488 
488 462 487 
464 463 489 
489 463 488 
465 464 490 
490 464 489 
466 465 491 
491 465 490 
467 466 492 
492 466 491 
468 467 493 
493 467 492 
469 468 494 
494 468 493 
470 469 495 
495 469 494 
471 470 496 
496 470 495 
472 471 497 
497 471 496 
473 472 498 
498 472 497 
474 473 499 
499 473 498 
450 474 475 
475 474 499 
476 475 501 
501 475 500 
477 476 502 
502 476 501 
478 477 503 
503 477 502 
479 478 504 
504 478 503 
480 479 505 
505 479 504 
481 480 506 
506 480 505 
482 481 507 
507 481 506 
483 482 508 
508 482 507 
484 483 509 
509 483 508 
485 484 510 
510 484 509 
486 485 511 
511 485 510 
487 486 512 
512 486 511 
488 487 513 
513 487 512 
489 488 514 
514 488 513 
490 489 515 
515 489 514 
491 490 516 
516 490 515 
492 491 517 
517 491 516 
493 492 518 
518 492 517 
494 493 519 
519 493 518 
495 494 520 
520 494 519 
496 495 521 
521 495 520 
497 496 522 
522 496 521 
498 497 523 
523 497 522 
499 498 524 
524 498 523 
475 499 500 
500 499 524 
501 500 526 
526 500 525 
502 501 527 
527 501 526 
503 502 528 
528 502 527 
504 503 529 
529 503 528 
505 504 530 
530 504 529 
506 505 531 
531 505 530 
507 506 532 
532 506 531 
508 507 533 
533 507 532 
509 508 534 
534 508 533 
510 509 535 
535 509 534 
511 510 536 
536 510 535 
512 511 537 
537 511 536 
513 512 538 
538 512 537 
514 513 539 
539 513 538 
515 514 540 
540 514 539 
516 515 541 
541 515 540 
517 516 542 
542 516 541 
518 517 543 
543 517 542 
519 518 544 
544 518 543 
520 519 545 
545 519 544 
521 520 546 
546 520 545 
522 521 547 
547 521 546 
523 522 548 
548 522 547 
524 523 549 
549 523 548 
500 524 525 
525 524 549 
526 525 551 
551 525 550 
527 526 552 
552 526 551 
528 527 553 
553 527 552 
529 528 554 
554 528 553 
530 529 555 
555 529 554 
531 530 556 
556 530 555 
532 531 557 
557 531 556 
533 532 558 
558 532 557 
534 533 559 
559 533 558 
535 534 560 
560 534 559 
536 535 561 
561 535 560 
537 536 562 
562 536 561 
538 537 563 
563 537 562 
539 538 564 
564 538 563 
540 539 565 
565 539 564 
541 540 566 
566 540 565 
542 541 567 
567 541 566 
543 542 568 
568 542 567 
544 543 569 
569 543 568 
545 544 570 
570 544 569 
546 545 571 
571 545 570 
547 546 572 
572 546 571 
548 547 573 
573 547 572 
549 548 574 
574 548 573 
525 549 550 
550 549 574 
551 550 576 
576 550 575 
552 551 577 
577 551 576 
553 552 578 
578 552 577 
554 553 579 
579 553 578 
555 554 580 
580 554 579 
556 555 581 
581 555 580 
557 556 582 
582 556 581 
558 557 583 
583 557 582 
559 558 584 
584 558 583 
560 559 585 
585 559 584 
561 560 586 
586 560 585 
562 561 587 
587 561 586 
563 562 588 
588 562 587 
564 563 589 
589 563 588 
565 564 590 
590 564 589 
566 565 591 
591 565 590 
567 566 592 
592 566 591 
568 567 593 
593 567 592 
569 568 594 
594 568 593 
570 569 595 
595 569 594 
571 570 596 
596 570 595 
572 571 597 
597 571 596 
573 572 598 
598 572 597 
574 573 599 
599 573 598 
550 574 575 
575 574 599 
600 0 1 
600 1 2 
600 2 3 
600 3 4 
600 4 5 
600 5 6 
600 6 7 
600 7 8 
600 8 9 
600 9 10 
600 10 11 
600 11 12 
600 12 13 
600 13 14 
600 14 15 
600 15 16 
600 16 17 
600 17 18 
600 18 19 
600 19 20 
600 20 21 
600 21 22 
600 22 23 
600 23 24 
600 24 0 
601 576 575 
601 577 576 
601 578 577 
601 579 578 
601 580 579 
601 581 580 
601 582 581 
601 583 582 
601 584 583 
601 585 584 
601 586 585 
601 587 586 
601 588 587 
601 589 588 
601 590 589 
601 591 590 
601 592 591 
601 593 592 
601 594 593 
601 595 594 
601 596 595 
601 597 596 
601 598 597 
601 599 598 
601 575 599